Tenkiller Neo vs TNSMB for hybriddetective
Msaf1
Msaf14
Msaf17
Msaf5
Mdo3
Msaf6
Msaf29
Pop
1_1_TNKR-01 ,  137153 209225 106134 133147 117117 126178 000000
2_1_TNKR-02 ,  153153 177211 112116 129149 119123 126126 126164
3_1_TNKR-03 ,  135153 199207 110124 143143 117129 108114 144144
4_1_TNKR-04 ,  125153 209225 106134 129137 119129 108120 140164
5_1_TNKR-05 ,  121153 173183 102106 137145 111129 114128 138138
6_1_TNKR-06 ,  121137 177207 112126 133143 119129 114126 134154
7_1_TNKR-07 ,  121135 177183 106112 147161 117117 114126 122138
8_1_TNKR-08 ,  121153 209255 110134 149149 117121 126126 122164
9_1_TNKR-09 ,  121121 199199 116134 143143 111117 000000 122138
10_1_TNKR-10 ,  121121 199225 106110 129149 111129 116116 162164
11_1_TNKR-11 ,  137153 183225 106106 143143 111123 108108 122152
12_1_TNKR-12 ,  121145 205243 108114 129137 111129 126128 142152
13_1_TNKR-13 ,  121135 183183 120124 143149 117123 114114 122152
14_1_TNKR-14 ,  000000 175219 102110 137143 121123 114126 000000
16_1_TNKR-16 ,  145183 219243 110116 131145 117117 094108 122122
17_1_TNKR-17 ,  121153 177199 112124 137137 000000 000000 126154
18_1_TNKR-18 ,  153153 183199 114124 137143 000000 000000 122152
19_1_TNKR-19 ,  153153 183225 106106 137145 111119 126128 152164
20_1_TNKR-20 ,  145153 183207 112124 143143 117117 108110 122152
21_1_TNKR-21 ,  000000 177243 112114 129143 117129 110126 122134
22_1_TNKR-22 ,  121145 183225 120130 143143 123123 108114 122174
23_1_TNKR-23 ,  129137 183209 120134 143145 117117 114128 126146
24_1_TNKR-24 ,  153183 219219 108116 145145 117117 128128 122154
25_1_TNKR-25 ,  121121 199225 106134 143161 129129 108128 126164
26_1_TNKR-26 ,  000000 177203 108112 133143 117117 108114 138164
27_1_TNKR-27 ,  125137 219243 114116 137147 105121 120178 140180
28_1_TNKR-28 ,  121137 179199 124126 137161 117119 120128 138164
29_1_TNKR-29 ,  137145 209225 106106 143143 119129 110114 126126
30_1_TNKR-30 ,  121145 183209 116134 143143 119129 108114 126138
31_1_TNKR-31 ,  125125 183243 110116 143145 117117 094108 122142
32_1_TNKR-32 ,  121137 173219 102110 143147 117119 114120 142198
33_2_GLVR_004 ,  135141 175225 106112 129137 117117 108108 154158
34_2_GLVR_007 ,  137145 173185 104112 129129 117117 108116 124148
35_2_GLVR_009 ,  137161 175199 110112 129137 117117 108126 126126
36_2_GLVR_010 ,  153167 175175 106110 129145 117117 106130 154162
37_2_GLVR_017 ,  121135 173185 106118 129149 117117 108108 120154
38_2_GLVR_018 ,  153153 205243 124126 145149 119129 114114 140164
39_2_SPRMO_023 ,  135153 173177 106112 129145 117117 102108 146194
40_2_SPRMO_024 ,  137153 173175 100104 129143 105117 114148 120144
41_2_SPRMO_025 ,  121125 173173 102108 129137 117119 108120 122156
42_2_SPRMO_027 ,  153153 219219 110114 133147 117123 114126 122164
43_2_SPRMO_028 ,  137167 173173 102118 125157 117129 108108 180182
44_2_SPRMO_030 ,  125161 173175 102106 129129 117117 108108 120120
45_2_SPRMO_032 ,  135135 175217 102102 125143 117117 106126 154180
46_2_SPRMO_033 ,  125127 173173 112112 125129 117117 108108 162170
47_2_SPRMO_034 ,  125183 173175 104110 125129 117117 108108 120196
48_2_SPRMO_035 ,  145161 173175 100104 125129 117123 108108 124196
49_2_SPRMO_036 ,  121121 177203 114130 137143 111117 108128 152162
50_2_SPRMO_037 ,  121137 183205 110110 129143 105105 108114 142162
51_2_SPRMO_039 ,  137145 173173 114118 125127 117123 106108 142164
52_2_SPRMO_040 ,  125135 173175 102102 125159 117117 108108 146194
54_2_SPRMO_042 ,  135153 173175 102106 125125 117117 108108 168194
55_2_SPRMO_043 ,  127135 173173 102102 131157 117117 108148 162164
56_2_SPRMO_044 ,  145153 183205 126126 133145 105123 108108 152154
58_2_SPRMO_050 ,  125135 175183 106112 125145 117123 108110 138198
59_3_SPRMO_001 ,  135153 175203 100108 125145 119123 108108 126158
60_3_SPRMO_002 ,  125135 173175 108110 125131 117117 108108 124156
61_3_SPRMO_003 ,  125161 175183 110114 129129 117117 108108 134134
62_3_SPRMO_004 ,  129137 175199 102110 125143 117117 106108 138196
63_3_SPRMO_005 ,  119143 175227 108110 125129 117117 108108 120120
64_3_SPRMO_006 ,  153153 183219 108134 131147 105119 108114 122122
65_3_SPRMO_007 ,  119135 175175 104112 127137 117117 108128 148158
66_3_SPRMO_008 ,  121137 225241 106126 137147 119119 114120 122122
67_3_SPRMO_009 ,  137137 225241 106126 137147 119123 114120 146154
68_3_SPRMO_010 ,  125125 183219 110118 129149 117117 116116 122168
69_3_SPRMO_011 ,  121123 173203 102108 127147 123129 108114 126148
70_3_SPRMO_012 ,  125153 173175 100104 143145 117117 108122 120126
71_3_SPRMO_013 ,  125137 183225 106106 129129 117123 116116 126126
72_3_SPRMO_014 ,  121157 173183 102110 143149 117123 108108 148148
73_3_SPRMO_015 ,  125161 171177 106120 125129 117117 108110 158170
74_3_SPRMO_016 ,  121125 171175 108112 129131 117117 108148 186198
75_3_SPRMO_017 ,  125129 183241 104114 127129 117117 108108 120154
76_3_SPRMO_018 ,  125125 173177 108110 125131 117117 108108 150166
77_3_SPRMO_019 ,  127137 175183 102114 125143 117117 108108 142150
78_3_SPRMO_020 ,  137137 173209 102134 125143 117123 108108 148152
79_3_SPRMO_021 ,  153153 183219 108120 129145 105119 108114 146154
80_3_SPRMO_022 ,  137153 173225 106134 125129 117117 108108 148156
81_4_NOIS_001 ,  121125 173219 102116 125137 111117 108120 138174
82_4_NOIS_002 ,  129153 173175 104112 143145 117123 106108 166184
83_4_NOIS_003 ,  125125 175209 102118 125129 117119 106108 138164
84_4_NOIS_004 ,  135153 183261 102114 129143 117119 108116 120122
85_4_NOIS_005 ,  125125 175183 106108 127129 117123 106108 120162
86_4_NOIS_006 ,  129137 173225 106112 125131 117117 108108 162166
87_4_NOIS_007 ,  127167 173173 102112 129147 117119 106108 170174
88_4_NOIS_008 ,  125125 181183 102108 129129 117117 108108 120162
89_4_NOIS_009 ,  125153 175247 114126 143143 117129 108114 120164
90_4_NOIS_010 ,  125125 183261 102124 125131 117123 108108 138196
91_4_NOIS_011 ,  135183 173175 104116 131157 117117 106108 120122
92_4_NOIS_012 ,  137161 173173 108126 125125 117117 102108 186186
93_4_NOIS_013 ,  125137 183183 106110 129147 123123 108114 138154
94_4_NOIS_014 ,  123137 177183 106112 125131 117117 108108 120120
95_4_NOIS_015 ,  135153 175175 108108 125145 117117 108122 162168
96_4_NOIS_016 ,  125125 173177 112120 129131 117117 106108 138138
97_4_NOIS_017 ,  125125 173209 102110 125125 117117 108108 138196
98_4_NOIS_018 ,  127141 175243 100102 125127 117119 106118 196198
100_4_NOIS_020 ,  127127 171173 102108 125129 117117 108110 164170
101_4_NOIS_021 ,  119125 173175 108108 125149 117123 108108 138166
102_4_NOIS_022 ,  125153 175247 112114 129143 117129 106114 120122
103_4_NOIS_023 ,  125161 171173 102116 125129 117117 108108 120120
104_4_NOIS_024 ,  135135 175185 104112 129129 117117 108118 152152
105_4_NOIS_025 ,  125137 173183 112114 129129 117117 108108 154162
106_4_NOIS_026 ,  125127 201213 104112 129129 117117 108108 120164
107_4_NOIS_027 ,  125137 173183 104118 129137 117117 108108 192194
108_4_NOIS_028 ,  121129 171173 104114 129147 117123 108178 142164
109_4_NOIS_029 ,  125153 175205 112126 129143 117129 106114 154164
110_4_NOIS_030 ,  137153 183185 102114 143145 117117 114122 166174
111_4_NOIS_031 ,  125125 171219 102116 125143 117117 108108 174174
112_4_NOIS_032 ,  121123 177181 108112 129129 117117 110110 162186
113_4_NOIS_033 ,  125137 173209 102134 129129 117119 106116 126180
114_4_NOIS_035 ,  125125 173173 102112 125137 117117 108120 196200
115_4_NOIS_036 ,  121175 173209 112116 129137 117119 108126 120198
116_4_NOIS_037 ,  129153 173175 102112 133143 117117 108126 166184
117_4_NOIS_038 ,  125127 173185 102120 125129 117117 108116 162162
118_4_NOIS_039 ,  125125 173175 102118 129145 117117 108122 120138
119_4_NOIS_040 ,  125125 171175 102112 129159 117117 108122 120184
120_4_NOIS_041 ,  119119 175227 102104 125129 117123 106108 120198
121_4_NOIS_042 ,  123125 173173 112120 129129 111117 108110 158186
122_4_NOIS_043 ,  125153 175205 114126 129145 117129 106114 120122
125_4_NOIS_046 ,  125125 175183 110114 129149 117123 106106 126126
126_4_NOIS_047 ,  125125 175183 106108 129137 123123 108108 146146
127_4_NOIS_048 ,  121121 173219 102116 143145 111117 108122 140140
128_4_NOIS_049 ,  125125 183209 102124 137149 117117 108108 164164
129_4_NOIS_050 ,  127129 173175 102108 131131 105123 108122 162162
130_5_BFORK_001 ,  127135 173175 106112 125131 117117 108108 120120
131_5_BFORK_002 ,  125125 173175 102104 129131 117117 108108 162166
132_5_BFORK_003 ,  125145 173173 110120 129131 117117 108148 162162
133_5_BFORK_004 ,  167171 173175 100102 125129 117117 108110 120194
134_5_BFORK_005 ,  125135 173173 106110 129131 117119 108108 158162
135_5_BFORK_006 ,  125161 173173 102112 129129 117117 106110 120164
136_5_BFORK_007 ,  167167 173175 108108 131143 117117 110122 158198
137_5_BFORK_008 ,  125135 173175 102106 125145 117117 108130 154158
138_5_BFORK_009 ,  135153 175209 000000 129143 117129 106114 122154
139_5_BFORK_010 ,  125167 173175 102102 125129 117117 106110 180184
140_5_BFORK_011 ,  125167 173185 120120 131149 117117 108108 166168
141_6_BFORK_033 ,  123135 173227 102104 129129 117117 108108 120166
142_6_BFORK_034 ,  125125 173173 102102 129129 117117 106108 120120
143_6_BFORK_035 ,  135161 173173 100102 125129 117117 108108 122164
144_6_BFORK_036 ,  125145 171173 102112 129145 117117 106122 166186
145_6_BFORK_037 ,  125125 173175 100106 129129 117117 106108 122158
146_6_BFORK_038 ,  125125 175175 102106 129129 117117 108108 120166
147_6_BFORK_039 ,  127135 173197 106120 131143 119129 108114 158184
148_6_BFORK_040 ,  123135 173175 102104 129129 117117 106108 158162
149_6_BFORK_041 ,  125129 173175 108116 129131 117117 108108 120168
150_6_BFORK_042 ,  127141 171173 102102 125129 117117 108108 162164
151_6_BFORK_043 ,  137167 173175 100102 127157 117117 106116 120194
152_6_BFORK_044 ,  135167 173175 102104 125131 117117 108110 166186
153_7_BFORK_021 ,  125125 173219 102106 125129 117117 108108 144194
154_7_BFORK_022 ,  125133 171175 102126 129131 117117 106108 158188
155_7_BFORK_023 ,  135145 175175 102108 125131 117117 108108 120166
156_7_BFORK_024 ,  161161 173243 100102 129147 117117 106178 138138
157_7_BFORK_025 ,  125125 173173 106108 129143 117117 108108 164186
158_7_BFORK_026 ,  125161 173173 102102 125157 117117 106110 160194
159_7_BFORK_027 ,  125125 173175 102118 125129 117117 108108 186198
160_7_BFORK_028 ,  125135 173175 102102 125129 117117 110110 164186
161_7_BFORK_029 ,  167167 171173 102108 129147 117119 108114 122122
162_7_BFORK_030 ,  129161 173175 112118 000000 117117 102108 162170
163_7_BFORK_031 ,  125153 173175 102102 125125 117117 108108 120162
164_7_BFORK_032 ,  125153 173175 102104 125131 117117 108110 162180
165_8_BFORK_012 ,  125139 171173 102108 125129 117117 108108 158196
166_8_BFORK_013 ,  125167 173175 102108 129129 117117 106108 162196
167_8_BFORK_014 ,  125125 171175 102102 125129 117117 106108 170184
168_8_BFORK_015 ,  127153 171173 100102 125129 117117 106106 192194
169_8_BFORK_016 ,  123125 173173 102108 129129 117117 102106 192194
170_8_BFORK_017 ,  135161 171175 102110 125125 117117 106108 162198
171_8_BFORK_018 ,  125125 173243 104112 125125 117117 108108 144180
172_8_BFORK_019 ,  125133 173173 100108 129131 117117 106108 120162
173_8_BFORK_047 ,  123167 173175 102112 125129 117117 108110 158184
174_8_BFORK_048 ,  125135 173173 102108 125145 117117 108130 166196
175_8_BFORK_049 ,  125125 173175 102102 129131 117117 108108 120182
176_8_BFORK_020 ,  125125 171173 110112 129141 117117 100108 120120
177_9_CANEY_031 ,  125125 183209 110134 129147 117117 108108 158164
178_9_CANEY_033 ,  125153 173219 102102 129129 117117 108108 120172
179_9_CANEY_034 ,  129151 175225 106110 129145 117119 108128 126164
180_9_CANEY_035 ,  121161 173175 102112 129129 117117 108108 138162
181_9_CANEY_036 ,  135161 173173 102102 129147 117117 108108 152164
182_9_CANEY_037 ,  127135 171173 100102 129143 117123 108108 122186
183_9_CANEY_038 ,  135161 173175 100102 129129 117117 108108 138180
184_9_CANEY_039 ,  125135 173209 110112 129161 117119 104128 156172
185_9_CANEY_040 ,  125135 173173 102120 125131 117117 106108 120120
186_9_CANEY_043 ,  123125 175175 110124 129143 117117 108114 120164
187_9_CANEY_044 ,  119123 173173 102102 127129 117117 108116 168194
188_9_CANEY_045 ,  133167 173173 100100 125131 117117 108108 194196
189_9_GRSPB_055 ,  125135 173173 100102 127129 117117 108110 192194
191_9_GRSPB_057 ,  137137 173173 104108 125129 117117 106108 146164
192_9_GRSPB_058 ,  125135 171175 100102 129143 117123 108108 122148
193_9_GRSPB_059 ,  125135 175175 110112 125125 117119 106108 120154
194_9_GRSPB_060 ,  125167 173173 104106 125125 117117 106108 158186
195_9_GRSPB_061 ,  135167 173209 102102 125143 117117 108112 166194
197_9_GRSPB_063 ,  135135 171173 110118 129129 117117 108108 126158
198_9_GRSPB_064 ,  125153 173175 102102 129131 117117 108108 192194
199_9_GRSPB_065 ,  135153 173173 110112 125129 117117 106108 120194
200_9_GRSPB_066 ,  127137 171173 102118 125129 111117 108108 138166
201_9_GRSPB_067 ,  125161 173175 112112 129131 117117 106108 148164
202_9_GRSPB_068 ,  127167 173175 102110 125129 117117 106108 120120
203_10_CANEY_001 ,  135167 173209 102110 129131 117117 108108 176200
204_10_CANEY_002 ,  127135 173175 102108 129129 117117 106108 120166
205_10_CANEY_003 ,  135167 173209 108110 125125 117117 108108 120174
206_10_CANEY_004 ,  125125 173177 102110 125143 117117 108114 192194
207_10_CANEY_005 ,  135161 171175 102108 125129 117117 108108 158158
208_10_CANEY_006 ,  135183 171173 100112 129131 117117 108108 192194
209_10_CANEY_007 ,  125127 171183 100110 125129 117117 108110 166194
210_10_CANEY_008 ,  135167 173209 102102 125129 117117 108112 166180
211_10_CANEY_009 ,  135135 173173 102112 127143 117117 106110 166176
212_10_CANEY_010 ,  121125 173173 102108 129157 117117 106108 166166
213_10_CANEY_011 ,  135153 173173 102110 129131 117117 108108 164180
214_10_CANEY_012 ,  127153 173173 102116 129129 117117 106108 184186
215_10_CANEY_013 ,  125125 171175 102112 129131 117117 108108 182194
216_10_CANEY_014 ,  125125 173173 100102 129129 117117 108108 138194
217_10_CANEY_015 ,  125153 173175 102112 131143 123123 108108 120120
218_10_CANEY_016 ,  125135 173175 102102 129131 117129 108108 158176
219_10_CANEY_017 ,  123135 173237 102102 129129 117117 108108 186194
220_10_CANEY_018 ,  125135 173175 102102 129131 117129 108108 138176
221_10_CANEY_019 ,  129135 173175 100112 129131 117117 106108 162184
222_10_CANEY_020 ,  125131 173175 102112 129143 117117 106114 120196
223_10_CANEY_021 ,  125125 175175 100102 125131 117117 106106 120198
224_10_CANEY_022 ,  125125 173173 108112 129131 117117 108108 138166
225_10_CANEY_023 ,  125135 173173 102112 129131 117117 106110 166176
226_10_CANEY_024 ,  125135 173173 102112 125129 117117 106108 000000
227_10_CANEY_025 ,  125125 173177 102112 129129 117123 108108 120168
228_10_CANEY_026 ,  127127 173173 102118 129131 117117 108108 120138
229_10_CANEY_027 ,  135153 173177 102110 125143 117117 108114 146166
230_10_CANEY_029 ,  135161 173175 102112 129133 117123 108126 166194
231_10_CANEY_030 ,  125161 173175 102110 125129 117117 108112 176194
232_11_GRSPB_011 ,  127135 173173 102108 129129 117117 108108 194196
233_11_GRSPB_013 ,  125135 173173 102118 125129 117117 108108 166186
234_11_GRSPB_014 ,  125135 173173 102102 125131 117117 108108 166178
235_11_GRSPB_015 ,  125167 173173 110110 129129 117117 108108 120158
236_11_GRSPB_016 ,  125171 173175 100102 125129 117117 108108 176186
237_11_GRSPB_017 ,  161181 173175 102106 129129 117117 108108 194194
238_11_GRSPB_018 ,  125135 173175 102102 129131 117117 108108 158178
239_11_GRSPB_019 ,  125135 173173 110112 125125 117117 108108 158186
240_11_GRSPB_021 ,  135161 173173 102112 129129 117117 108108 120120
241_11_GRSPB_022 ,  125135 173173 104108 127129 117117 108108 120178
242_11_GRSPB_023 ,  125175 173173 102112 129161 117117 108128 120196
243_11_GRSPB_024 ,  135161 175175 102102 127129 117117 110110 120178
244_11_GRSPB_025 ,  133161 173173 102112 127129 117117 110110 120178
245_11_GRSPB_026 ,  127135 173173 102112 129129 117117 108108 176196
247_11_GRSPB_028 ,  125125 175175 102102 131151 117117 108108 120120
248_11_GRSPB_029 ,  125135 173173 102110 129129 117117 108108 120158
249_11_GRSPB_030 ,  135167 173173 102102 129129 117117 106108 120186
250_12_GRSPB_001 ,  135135 173173 102102 129131 117117 108108 120120
251_12_GRSPB_002 ,  125135 173175 102112 129131 117117 108108 162194
252_12_GRSPB_003 ,  125171 173173 102112 129131 117117 106108 120188
253_12_GRSPB_004 ,  125127 173173 102112 129131 117117 108108 120178
254_12_GRSPB_005 ,  125135 173173 102112 129129 117117 108108 162162
255_12_GRSPB_006 ,  135135 173177 100102 129131 117117 108108 158178
256_12_GRSPB_007 ,  125135 173175 100100 129129 117117 108108 162162
257_12_GRSPB_008 ,  135181 173175 102102 129131 117117 108108 192194
258_12_GRSPB_009 ,  135161 171173 102102 129129 117117 106110 164194
259_12_GRSPB_010 ,  135171 173175 102112 129129 117117 108108 164164
260_12_GRSPB_069 ,  125125 173175 102102 129131 117117 108110 164176
261_12_GRSPB_070 ,  125135 175175 102102 129131 117117 108108 120176
262_12_GRSPB_071 ,  135171 173173 102108 125129 117117 108112 120176
263_12_GRSPB_072 ,  135161 173175 102112 129129 117117 106110 162164
264_12_GRSPB_073 ,  125125 173175 102110 129131 117117 108108 166196
265_12_GRSPB_074 ,  125125 173175 104106 125129 117117 108112 166178
266_12_GRSPB_075 ,  131135 173175 102102 129129 117117 108108 120200
267_12_GRSPB_076 ,  125125 173173 102112 129129 117117 108108 120158
268_12_GRSPB_077 ,  125135 171173 102106 129143 117117 108114 120120
269_12_GRSPB_078 ,  135135 173175 102102 129131 117117 108108 194196
270_12_GRSPB_079 ,  125161 173175 102102 129131 117117 106108 178186
271_12_GRSPB_082 ,  135135 171173 102102 129129 117117 108108 164168
272_12_GRSPB_083 ,  125135 173173 102112 129129 117117 108108 120164
273_12_GRSPB_084 ,  135181 173175 102102 129131 117117 108108 194196