Lanier1 SHB vs ALB wild dataset for hybriddetective
MSA_05
MSA_06
MSA_08
MSA_09
MSA_10
MSA_12
MSA_13
MSA_17
MSA_22
MSA_24
MSA_25
MSA_27
MSA_28
MSA_29
MSA_31
MSA_32
Pop
001_01_ALB ,  132132 108108 000000 155155 130130 180180 196200 087087 151151 114114 199201 086126 178180 128128 238238 285303
002_01_ALB ,  130132 104108 116118 155155 134134 180180 196200 087093 159159 114114 201201 086086 180180 126126 238238 297303
003_01_ALB ,  132132 108108 116118 155155 130134 180180 196200 093095 159159 114114 201201 126126 180180 126126 238238 285303
004_01_ALB ,  130132 106108 118118 155155 134134 180180 196196 087087 159159 114114 201201 086086 180180 126126 238238 287297
005_01_ALB ,  130132 104106 118118 155155 130132 180180 196196 087095 159159 114114 199201 086086 180180 126128 238238 297303
006_01_ALB ,  132132 106108 118118 155155 132134 180180 196200 085095 151151 114114 201201 086086 180180 126126 238238 301303
007_01_ALB ,  130130 104106 118118 155155 132134 180180 196196 093095 151159 114114 199201 086086 180180 000000 238238 295297
008_01_ALB ,  130132 104108 118118 155155 132134 180180 196200 087095 159159 114114 201201 086086 180180 128128 238238 285297
009_01_ALB ,  132132 108108 114118 155155 130130 180180 200200 085093 159159 114114 201201 086086 180180 126126 238238 301303
010_01_ALB ,  130130 106106 000000 155155 134134 180180 196200 093095 151159 114114 201201 086086 180180 126126 238238 297303
011_01_ALB ,  130132 106108 118118 155155 130132 180180 196196 087091 151151 114114 201201 086086 180180 112112 238238 285297
012_01_ALB ,  130140 104106 118118 155155 130134 180180 196196 087093 151159 114114 201201 086126 180180 126126 238238 285297
013_01_ALB ,  132132 108108 118118 155155 130132 180180 196196 085095 151159 114114 201203 086126 178180 128128 238238 297303
014_01_ALB ,  130132 104108 118118 155155 130130 180180 196196 093095 151159 114114 201201 086126 178180 112112 238238 285287
015_01_ALB ,  132132 108108 118118 155155 130130 180180 196196 085093 151159 114114 201201 086086 180180 000000 238238 285297
016_01_ALB ,  130132 106108 118118 155155 130130 180180 198198 085095 159159 114114 199201 084086 180180 126126 238238 285297
017_01_ALB ,  132132 104108 118118 155155 132134 180180 196200 087087 151159 114114 201201 086086 180180 112112 238238 297297
018_01_HYB ,  130130 104106 116116 155155 130130 180180 196200 087095 151159 114114 199201 086086 180180 126126 238238 297297
019_01_SHB ,  132132 116116 116116 155155 132132 180180 178178 089089 161167 114114 201201 122124 178178 140174 238238 285287
020_01_SHB ,  132136 118118 116116 155155 130132 180180 178178 093105 167167 114114 201203 110126 178178 158164 238238 287289
021_02_ALB ,  130132 106108 118118 155155 132132 180180 196200 085095 151159 114114 199201 086086 180180 112126 238238 297297
022_02_ALB ,  132132 108108 118118 155155 130130 180180 196196 093095 151151 114114 199201 086086 180180 112126 238238 297303
023_02_ALB ,  130132 104108 118118 155155 130134 180180 196200 093095 159159 114114 199201 086086 180180 126126 238238 285285
024_02_ALB ,  130132 106108 114116 155155 130130 180180 196196 085087 151159 114114 201201 084086 180180 126126 238238 285297
025_02_ALB ,  130132 106108 118118 155155 130132 180180 196200 085095 159159 114114 199199 086126 180180 126126 238238 285297
026_02_ALB ,  130132 106108 116118 155155 130132 180180 196196 087095 151151 114114 199201 086126 180180 126126 238238 285297
027_02_ALB ,  132132 108108 118118 155155 132134 180180 196200 093093 151159 114114 199199 086180 180180 126126 238238 295297
028_02_ALB ,  130130 104108 116118 155155 130130 180180 196200 085087 151159 114114 199201 086086 180180 126126 238238 285297
029_02_ALB ,  130130 104106 118118 155155 132132 180180 196200 087095 151159 114114 201201 086086 178180 126126 238238 297303
030_02_ALB ,  132132 108108 118118 155155 130130 180180 196196 095095 151159 114114 201201 086118 180180 126126 238238 285297
031_02_ALB ,  130132 106108 118118 155155 130130 180180 196200 093095 151151 114114 201201 086086 180180 126126 238238 285303
032_02_ALB ,  130130 108108 118118 155155 130132 180180 196196 087087 151151 114114 201201 086086 180180 126126 238238 297297
033_02_ALB ,  130132 106108 118118 155155 130130 180180 196196 087087 151159 114114 201201 086086 180180 126126 238238 287297
034_02_ALB ,  132132 108108 118118 155155 130132 180180 196196 085087 151151 114114 201201 086086 180180 112126 238238 285285
035_02_ALB ,  132132 108108 000000 155155 130134 180180 200200 087087 151159 114114 199201 086086 178180 112126 238238 295297
036_02_ALB ,  130130 104108 118118 155155 130132 180180 196200 087095 151159 114114 199201 086126 180180 126126 238238 299301
037_02_HYB ,  132132 118118 116116 155155 130132 180180 178178 089091 167167 114114 201201 122126 178178 144146 238238 287287
038_02_HYB ,  128132 116116 116116 155155 130132 180180 178178 091093 167167 114114 201203 110126 178178 158158 238238 287291
039_02_SHB ,  132132 116118 116116 155155 130132 180180 178178 089089 161167 114114 201201 122126 178178 158176 238238 287287
040_02_SHB ,  132132 116118 116116 155155 132132 180180 178178 089091 167167 114114 201201 122122 178178 156160 238238 285287
041_02_SHB ,  132132 116118 116116 155155 130132 180180 178178 091091 167167 114114 201201 122122 178178 164166 238238 281285
042_02_SHB ,  132136 116118 116116 155155 130132 180180 178178 089093 161167 114114 201203 122126 178178 158164 238238 287287
043_02_SHB ,  132132 116118 116116 155155 130132 180180 178178 089091 167167 114114 201201 110122 178178 166166 238238 281287
044_02_SHB ,  132132 116116 116116 155155 130130 180180 178178 089091 167167 114114 201203 110124 178178 158164 238238 287289
045_02_SHB ,  132136 118120 116116 155155 126132 180180 178178 089093 167167 114114 201201 124126 178178 146156 238238 285289
046_02_SHB ,  128132 116116 116116 155155 132132 180180 178178 089089 167167 114114 201201 122122 178178 158174 238238 285287
047_02_SHB ,  128132 116118 116116 155155 130132 180180 178178 091091 167167 114114 201203 124126 178178 158160 238238 289289
048_02_SHB ,  132138 116118 116116 155155 130132 180180 178178 089093 167167 114114 201203 122122 178178 152174 238238 285289
049_02_SHB ,  128132 116116 116116 155155 132132 180180 178178 085089 167167 114114 201203 122126 178178 156164 238238 287287
050_02_SHB ,  132132 118118 116116 155155 132132 180180 178178 089089 167167 114114 203203 110110 178178 144174 238238 289289
051_02_SHB ,  132132 116120 116116 155155 132132 180180 178178 089091 167167 114114 201201 110122 178178 162176 238238 287287
052_02_SHB ,  128132 116118 116116 155155 130130 180180 178178 089091 167167 114114 201201 122126 178178 154164 238238 285287
053_02_SHB ,  132136 118118 116116 155155 132132 180180 178178 089089 161167 114114 203203 110122 178178 146176 238238 287287
054_02_SHB ,  132136 116118 116116 155155 130130 180180 178178 091093 167167 114114 201201 122126 178178 162164 238238 285289
055_02_SHB ,  132132 116118 116116 155155 126130 180180 178178 085095 161167 114114 201201 110122 178178 160170 238238 285287
056_02_SHB ,  128132 118118 116116 155155 130132 180180 178178 085091 167167 114114 201201 122122 178178 164168 238238 287289
057_02_SHB ,  132132 116118 116116 155155 130130 180180 178178 091093 161167 114114 201203 122122 178178 154174 238238 287287
058_02_SHB ,  130132 116118 116116 155155 130132 180180 178178 089089 161167 114114 201203 122122 178178 156158 238238 287289
059_02_SHB ,  128132 116116 116116 155155 130132 180180 178178 091091 161167 114114 201201 110122 178178 158172 238238 000000
060_02_SHB ,  132136 116116 116116 155155 130132 180180 178178 091091 161167 114114 201201 110122 178178 144160 238238 285287
061_02_SHB ,  132132 118118 116116 155155 132132 180180 178178 085089 167167 114114 201203 122122 178178 148162 238238 287287
062_03_ALB ,  130132 108108 116116 155155 130134 180180 196200 093095 159159 114114 201201 086126 180180 126126 238238 297303
063_03_ALB ,  130140 104106 118118 155155 132132 180180 196200 087095 151159 114114 201201 086086 180180 126126 238238 297303
064_03_ALB ,  130132 106108 118118 155155 130134 180180 196196 093095 151159 114114 199201 086126 180180 112126 238238 285297
065_03_ALB ,  130130 104106 118118 155155 134134 180180 196200 093095 159159 114114 199201 086086 180180 126126 238238 285297
066_03_ALB ,  130140 104104 116118 155155 126134 180180 196200 093095 159159 114114 201201 086086 180180 126126 238238 295297
067_03_ALB ,  132132 108108 116116 155155 130134 180180 196196 087097 151159 114114 199201 086126 180180 126126 238238 273297
068_03_SHB ,  132132 116118 116116 155155 130132 180180 178178 091091 167167 114114 201201 122124 178178 148176 238238 287289
069_03_SHB ,  132136 116116 116116 155155 126132 180180 178178 085089 161167 114114 201201 122122 178178 144154 238238 285289
070_03_SHB ,  132132 116116 116116 155155 130130 180180 178178 091093 167167 114114 201203 110110 178178 144162 238238 287287
071_03_SHB ,  132138 118118 116116 155155 132132 180180 178178 089093 161167 114114 201201 122122 178178 158176 238238 285289
072_03_SHB ,  128132 116116 116116 155155 126130 180180 178178 089089 161167 114114 203203 122122 178178 158158 238238 285287
073_03_SHB ,  128132 116116 116116 155155 130132 180180 178178 089091 167167 114114 201201 110122 178178 156158 238238 287287
074_03_SHB ,  128128 116118 116116 155155 132134 180180 178178 089093 167167 114114 201201 122122 178178 154168 238238 287289
075_03_SHB ,  132132 118118 116116 155155 130132 180180 178178 085093 161167 114114 201201 122122 178178 160172 238238 285287
076_03_SHB ,  132132 116116 116116 155155 132132 180180 178178 085109 161167 114114 201201 122122 178178 156158 238238 289289
077_03_SHB ,  132132 116120 116116 155155 132132 180180 178178 089091 167167 114114 201203 110110 178178 164164 238238 281287
078_03_SHB ,  132136 116118 116116 155155 126132 180180 178178 091091 167167 114114 201201 110122 178178 148176 238238 285287
080_04_ALB ,  132132 108108 118118 155155 130130 180180 196200 085093 159159 114114 199201 086086 180180 126126 238238 285303
081_04_ALB ,  130132 106108 118118 155155 130132 180180 196200 087095 151159 114114 201201 086120 178180 126126 238238 295297
086_04_SHB ,  128132 116118 116116 155155 130130 180180 178178 085089 167167 114114 201201 110110 178178 154168 238238 285287
087_04_SHB ,  128132 116118 116116 155155 130130 180180 178178 089091 167167 114114 201201 122126 178178 164176 238238 287289
088_04_SHB ,  132132 116116 116116 155155 132134 180180 178178 089089 167167 114114 201203 122126 178178 158158 238238 287289
089_04_SHB ,  132132 118120 116116 155155 130130 180180 178178 089093 167167 114114 201203 122126 178178 158172 238238 285285
090_04_SHB ,  128132 116116 116116 155155 130132 180180 178178 089091 167167 114114 201201 124126 178178 154154 238238 287289
091_04_SHB ,  132132 116118 116116 155155 130134 180180 178178 085091 167167 114114 201201 110122 178178 154156 238238 287287
092_04_SHB ,  128132 116116 116116 155155 126132 180180 178178 089091 167167 114114 201203 110122 178178 144166 238238 287289
093_04_SHB ,  132132 116118 116116 155155 126132 180180 178178 085089 167167 114114 201201 110122 178178 156164 238238 287289
094_04_SHB ,  132132 116118 116116 155155 110132 180180 178178 085089 167167 114114 201201 122122 178178 148158 238238 287287
095_04_SHB ,  128138 116118 116116 155155 130132 180180 178178 089093 167167 114114 201203 122122 178178 164170 238238 285287
096_04_SHB ,  128132 116118 116116 155155 130132 180180 178178 093109 167167 114114 201201 122122 178178 154164 238238 287289
098_04_SHB ,  132132 118118 116116 155155 110132 180180 178178 085089 167167 114114 201201 110122 178178 168176 238238 287289
099_04_SHB ,  132132 116116 116116 155155 130130 180180 178178 089091 167167 114114 201203 122122 178180 158162 238238 289289
100_04_SHB ,  130132 116116 116116 155155 132134 180180 178178 089089 167167 114114 201201 110124 178178 144160 238238 287287
101_05_ALB ,  130132 106106 000000 155155 130132 000000 200200 095095 155159 114114 199201 086086 180180 120126 238238 285297
102_05_ALB ,  132132 106106 000000 155155 130134 000000 196196 091091 155159 114114 199201 086086 180180 126126 238238 283285
103_05_ALB ,  132132 106106 000000 155155 130134 180180 196196 087095 151159 114114 201201 086086 180180 126126 238238 297303
104_05_ALB ,  130130 104106 000000 155155 130134 000000 196196 085087 151159 114114 201201 086086 180180 128134 238238 285301
105_05_ALB ,  132132 106106 000000 155155 130134 180180 196196 085091 159159 114114 201201 086126 180180 112128 238238 285297
106_05_ALB ,  130132 104106 000000 155155 130132 180180 196200 087095 151159 114114 201201 086126 178180 126126 238238 297303
107_05_ALB ,  132132 106106 000000 155155 132134 180180 194196 087095 151159 114114 201201 086086 180180 126126 238238 285285
108_05_ALB ,  130132 104108 000000 155155 130130 180180 200200 087087 151159 114114 199201 086086 180180 112112 238238 285287
109_05_ALB ,  130130 104106 118118 155155 130134 000000 196200 087091 159159 114114 201201 086126 180180 126126 238238 285297
110_05_ALB ,  130132 104106 118118 155155 130134 180180 196196 085093 159159 114114 199201 086126 180180 126126 238238 285303
111_05_ALB ,  132132 106106 118118 155155 130132 180180 196196 091091 159159 114114 201201 086086 180180 112112 238238 301307
112_05_ALB ,  130132 104106 118118 155155 128132 180180 196200 091095 151159 114114 201201 086086 180180 126126 238238 295297
113_05_ALB ,  130130 104104 118118 155155 130130 180180 194194 091091 159159 114114 201201 086086 180180 126126 238238 285297
114_05_ALB ,  130132 104104 118118 155155 130132 000000 196200 087091 151151 114114 201201 086126 180180 126126 238238 297303
115_05_ALB ,  130132 104106 000000 155155 130132 180180 196196 091091 151159 114114 201201 086126 180180 112126 238238 285303
116_05_ALB ,  130132 104106 118118 155155 130134 000000 196196 091091 159159 114114 201201 086086 180180 112126 238238 287301
117_05_ALB ,  130132 104106 000000 155155 130134 000000 190200 095095 151159 114114 201201 086086 180180 126126 238238 297303
118_05_ALB ,  130132 106106 000000 155155 132132 000000 196196 085095 159159 114114 199201 086086 180180 000000 238238 297297
119_05_ALB ,  130132 106106 000000 155155 130132 180180 196196 091091 151151 114114 201201 086086 180180 126126 238238 285297
120_05_ALB ,  132132 106106 000000 155155 134134 000000 196200 085095 151159 114114 201201 086086 180180 126126 238238 299301
121_05_ALB ,  130130 104106 000000 155155 130130 000000 196200 095101 159159 114114 201201 086086 180180 126126 238238 285297
122_05_ALB ,  130130 104106 000000 155155 130134 000000 196200 091091 159159 114114 201201 086126 178180 112112 238238 285303
123_05_ALB ,  130132 104106 000000 155155 130134 000000 196196 085091 159159 114114 201201 086086 180180 126126 238238 285297
124_05_ALB ,  130130 104106 000000 155155 132132 180180 196200 087093 151159 114114 201201 086086 180180 000000 238238 303303
125_05_ALB ,  130130 106106 000000 155155 130132 180180 196196 087093 151159 114114 199201 086086 180180 126126 238238 285303
126_05_ALB ,  130132 104108 000000 155155 130130 180180 196200 087095 159159 114114 199201 086086 178180 126126 238238 297297
127_05_ALB ,  132132 108108 000000 155155 130130 180180 196200 087093 155159 114114 199201 086086 180180 112112 238238 285303
128_05_ALB ,  130132 106108 000000 155155 130130 180180 196200 087087 159159 114114 199199 126126 180180 112126 238238 285297
129_06_ALB ,  130132 104106 000000 155155 130134 180180 196200 085095 159159 114114 199201 086086 180180 126126 238238 285297
130_06_ALB ,  132132 106106 118118 155155 130130 180180 196196 085095 159159 114114 201201 086086 178180 126126 238238 301307
131_06_ALB ,  132132 106106 000000 155155 130132 000000 196196 085095 151159 114114 201201 086086 180180 126126 238238 285285
132_06_ALB ,  132132 106106 000000 155155 130134 000000 196196 091091 151159 114114 201201 086086 180180 126126 238238 297303
133_06_ALB ,  130132 104106 118118 155155 130134 180180 196196 087087 155159 114114 199201 086126 180180 126128 238238 295297
134_06_ALB ,  130132 106106 118118 155155 130134 180180 196200 087095 151159 114114 201201 086126 180180 118126 238238 297303
135_06_ALB ,  130132 104106 118118 155155 130130 180180 196200 087091 159159 106114 199201 086086 180180 126126 238238 285297
136_06_ALB ,  132132 106106 000000 155155 130134 000000 196196 087091 151159 114114 201201 086086 180180 126126 238238 297303
137_06_ALB ,  130132 104106 118118 155155 130130 000000 196196 087095 159159 114114 201201 086086 180180 126126 238238 297303
138_06_ALB ,  130132 106106 000000 155155 130132 000000 196200 087087 151151 114114 201201 086126 180180 112126 238238 285297
139_06_ALB ,  130132 104106 116116 155155 130130 180180 196196 091095 151159 114114 201201 086126 178180 126126 238238 297303
141_06_ALB ,  132132 106106 118118 155155 130130 000000 196196 091095 151159 114114 199199 086126 180180 112126 238238 285285
142_06_ALB ,  130132 104106 000000 155155 130130 000000 196196 085095 159159 114114 201201 086086 180180 126126 238238 285297
143_06_ALB ,  130132 000000 000000 155155 130132 000000 196196 000000 151159 114114 201201 086086 180180 126126 238238 297297
144_06_ALB ,  130130 106106 118118 155155 130132 180180 196196 087095 151159 114114 199201 086126 180180 126126 238238 287297
145_06_ALB ,  132132 106106 000000 155155 130132 000000 196200 091095 151151 114114 199201 086086 178180 126126 238238 297297
146_06_ALB ,  132132 106106 000000 155155 134134 180180 196200 085095 159159 114114 201201 086086 180180 112126 238238 299301
147_06_ALB ,  132132 106106 000000 155155 130134 180180 196196 087095 159159 114114 199201 086086 180180 112126 238238 299301
148_06_ALB ,  130132 104106 118118 155155 130134 000000 196200 085091 151159 114114 199201 086086 180180 126126 238238 285297
149_06_ALB ,  132132 106106 118118 155155 130130 000000 196196 085091 151159 114114 201201 086086 180180 126126 238238 285303
150_06_ALB ,  130132 104106 118118 155155 130132 180180 196200 091095 151159 114114 201201 086086 180180 126126 238238 285297
151_06_ALB ,  130132 104106 118118 155155 130132 000000 196200 091095 159159 114114 199201 086118 180180 112126 238238 297303
152_06_ALB ,  130132 106108 118118 155155 132132 180180 196196 087093 151159 114114 199201 086086 180180 126126 238238 297303
153_06_ALB ,  130132 106108 118118 155155 134134 180180 196200 093095 151159 114114 201201 086086 180180 126126 238238 285303
154_06_ALB ,  130132 106108 000000 155155 132134 180180 200200 087093 151159 114114 201201 086126 180180 112112 238238 297297
155_06_HYB ,  128128 116118 116116 155155 132134 180180 178178 089091 161167 114114 201201 110110 178178 154160 238238 285287
156_06_HYB ,  128128 116116 116116 155155 132134 180180 178178 089089 167167 114114 201201 110122 178178 156164 238238 287287
159_06_SHB ,  132132 116118 116116 155155 130130 180180 178178 089091 161167 114114 201201 110122 178178 156164 238238 287287
160_06_SHB ,  132138 116116 000000 155155 132132 180180 178178 085095 167167 114114 201203 110126 178178 140170 238238 285285
161_06_SHB ,  132132 118120 116116 155155 132134 180180 178178 089089 167167 114114 201203 122126 178180 158160 238238 287289
162_06_SHB ,  132132 116118 116116 155155 130134 180180 178178 085089 161167 114114 201203 110110 178178 140160 238238 287287
163_06_SHB ,  132138 116116 116116 155155 130132 180180 178178 085091 167167 114114 201201 110126 178178 154158 238238 285287
164_06_SHB ,  132138 116116 116116 155155 134134 180180 178178 085091 161161 114114 201203 122126 178178 154170 238238 285285
165_07_ALB ,  130132 104106 000000 155155 130134 000000 196200 091091 151159 114114 201201 086086 180180 112126 238238 301301
166_07_ALB ,  130130 104106 000000 155155 130130 180180 196200 087095 151159 114114 201201 086126 180180 126126 238238 301307
167_07_ALB ,  130132 106106 118118 155155 130134 000000 196200 091091 159159 114114 201201 086086 180180 112126 238238 295297
168_07_ALB ,  130140 104104 000000 155155 132132 000000 196196 087091 151159 114114 199201 086086 180180 126126 238238 285297
169_07_ALB ,  130130 104106 000000 155155 132134 180180 196200 087095 151159 114114 201201 086086 180180 126128 238238 285297
170_07_ALB ,  130132 104106 000000 155155 130130 180180 196196 091095 155159 114114 201201 086086 180180 126126 238238 301301
171_07_ALB ,  132132 108108 118118 155155 130130 180180 196200 085091 151155 114114 199199 086086 180180 126126 238238 301307
173_07_SHB ,  128132 116116 116116 155155 132134 180180 178178 085089 167167 114114 201203 110110 178178 164164 238238 285287
174_07_SHB ,  128132 112116 116116 155155 132134 180180 178178 089091 161167 114114 201201 110122 178178 164164 238238 285285
175_07_SHB ,  128128 116118 000000 155155 132132 180180 178178 091099 161167 114114 201201 122122 178178 156164 238238 285287
176_07_SHB ,  132132 116118 116116 155155 126130 180180 178178 091113 167167 114114 201203 110122 178180 156164 238238 289289
177_07_SHB ,  132132 116116 116116 155155 134134 180180 178178 085095 167167 114114 201203 122124 178178 154156 238238 287287
178_07_SHB ,  128128 118118 116116 155155 130134 180180 178178 085089 167167 114114 201203 122126 178178 154154 238238 287287
179_07_SHB ,  132132 116118 116116 155155 130132 180180 178178 085089 167167 114114 201203 110122 178178 154156 238238 285285
180_07_SHB ,  128132 118118 116116 155155 130132 180180 178178 089105 161167 114114 201201 110124 178178 156164 238238 287289
181_07_SHB ,  132132 116120 116116 155155 132132 180180 178178 085091 167167 114114 201201 110122 178178 156162 238238 287289
182_07_SHB ,  132132 116116 116116 155155 130130 180180 178178 089091 167167 114114 201201 110122 178178 140170 238238 287287
183_07_SHB ,  132132 116118 116116 155155 130134 180180 178178 089091 167167 114114 201201 110122 178178 154156 238238 285287
184_07_SHB ,  128138 116116 116116 155155 126134 180180 178178 089091 167167 114114 201203 110126 178178 140156 238238 285287
185_07_SHB ,  132132 116118 116116 155155 132134 180180 178178 089091 167167 114114 201203 110110 178178 154164 238238 285285
186_07_SHB ,  132132 116120 116116 155155 132132 180180 178178 089089 167167 114114 201201 110122 178178 154156 238238 289289
187_07_SHB ,  132132 116116 116116 155155 130134 180180 178178 085089 167167 114114 203203 110124 178178 140158 238238 285287
188_07_SHB ,  132132 116116 116116 155155 130134 180180 178178 085089 161167 114114 203203 110124 178178 140164 238238 285287
189_07_SHB ,  128132 116118 116116 155155 130130 180180 178178 089091 167167 114114 201201 110126 178178 158160 238238 287289
190_07_SHB ,  128132 116118 116118 155155 132144 180180 178196 085089 167167 114114 201201 122126 178178 112140 238238 287289
191_08_ALB ,  132132 104106 000000 155155 130130 180180 196200 087087 155159 114114 199201 086086 180180 126126 238238 285297
192_08_ALB ,  130132 104106 000000 155155 132134 000000 196200 087097 159159 114114 201201 086086 180180 126126 238238 297297
193_08_ALB ,  130132 104106 000000 155155 130134 180180 196196 087095 159159 114114 201201 086086 180180 126126 238238 285297
194_08_ALB ,  130132 104106 116116 155155 130132 180180 178200 087091 151159 114114 201201 086126 180180 126126 238238 299301
195_08_ALB ,  132132 106106 118118 155155 130134 000000 196200 087091 151159 114114 201201 086086 180180 112126 238238 297303
196_08_HYB ,  132132 116118 116116 155155 126130 180180 178178 085091 167167 114114 203203 110122 178178 140158 238238 285285
197_08_HYB ,  132138 116116 116116 155155 132134 180180 178178 085091 167167 114114 201203 110122 178178 140160 238238 285289
199_08_HYB ,  132132 116118 116116 155155 130134 180180 178178 091093 167167 114114 201203 122126 178178 140158 238238 285285
200_08_HYB ,  132132 116120 116116 155155 130132 180180 178178 085089 167167 114114 201203 110122 178178 146162 238238 285287
202_08_SHB ,  132132 116118 116116 155155 134134 180180 178178 089091 167167 114114 201203 110110 178178 140154 238238 287287
203_08_SHB ,  132132 116118 116116 155155 130132 180180 178178 085089 167167 114114 201203 122124 178178 140156 238238 287287
204_08_SHB ,  132132 116118 116116 155155 130134 180180 178178 085091 161167 114114 203203 122124 178178 140140 238238 287287
205_08_SHB ,  132132 116120 116116 155155 130132 180180 178178 089089 167167 114114 201201 110110 178180 154170 238238 285289
206_08_SHB ,  130132 116118 116116 155155 126130 180180 178178 089091 161167 114114 201201 110122 178178 140156 238238 287287
207_08_SHB ,  128132 118118 116116 155155 126134 180180 178178 085085 167167 114114 201203 110124 178178 162164 238238 285285
208_08_SHB ,  132138 116116 116116 155155 130130 180180 178178 085091 167167 114114 201201 110110 178178 158162 238238 285287
209_08_SHB ,  132132 116118 116116 155155 130134 180180 178178 089113 161167 114114 203203 110110 178178 154162 238238 285287
210_08_SHB ,  132132 116116 116116 155155 130132 180180 178178 089091 161167 114114 201201 110122 178178 156170 238238 287287
211_08_SHB ,  132132 116116 116116 155155 130130 180180 178178 085089 167167 114114 201201 110124 178178 158164 238238 285287
212_08_SHB ,  132132 112116 116116 155155 130134 180180 178178 089089 167167 114114 201203 110122 178178 154154 238238 287289
213_08_SHB ,  128128 118118 116116 155155 132134 180180 178178 105105 167167 114114 201203 110124 178178 164170 238238 285289
214_08_SHB ,  132132 116116 116116 155155 134134 180180 178178 089091 167167 114114 203203 122122 178180 154154 238238 285285
215_08_SHB ,  128132 118118 000000 155155 134134 180180 178178 091093 167167 114114 201201 110126 178178 154170 238238 285287
216_08_SHB ,  128132 116118 116116 155155 130130 180180 178178 089089 167167 114114 201201 126126 178178 140158 238238 287289
217_08_SHB ,  130132 116118 116116 155155 126130 180180 178178 085091 161167 114114 201201 110122 178178 154164 238238 287287
218_08_SHB ,  132132 120120 116116 155155 130130 180180 178178 089091 167167 114114 201203 110122 178178 146146 238238 285287
219_08_SHB ,  130132 116116 116116 155155 130134 180180 178178 091105 161167 114114 201203 110124 178178 158164 238238 285285
220_08_SHB ,  128132 116118 116116 155155 130130 180180 178178 089091 167167 114114 201201 126126 178180 154154 238238 287289
224_08_SHB ,  132132 116118 116116 155155 126126 180180 178178 085091 167167 114114 203203 110124 178178 154158 238238 285285
225_08_SHB ,  132132 116116 116116 155155 126130 180180 178178 091091 167167 114114 201203 110122 178178 156162 238238 285285
